   29     2    19    22    37    27     3    24    33    26    31    43     9    32    42    34    14    23    10     6
   15    32    45    16    46    23    11    41     1    19     0    31    30    44     4     8    20    12    27    33
    6    43    34    35    27    15    12     4    28    18    36    16    22    31    41    44    25    38     1     0
   27    36    47    41    19     0    20     9    34    44    38     5     3    11    45     8    21    24     6    10
    0    24    37    27    41    30     6     3    34    31    12    28    18    46    47     4    36    22    29    40
   24     4    47    38    34     9    33    44     5    17    11    49    20     7    18    42    30    26    35     0
   46    40    31    14    20     8     6    32    23    49    18    35    41    45    24     3    15     7    25    10
    0    47    19     8    18    21    33    17     2    30    46    40    15     4    23    36    22    44    34    20
   37    23    45    36    44    30     7    17    34    12    16     2     9    35    32     6    26    28    41     4
   11    22    39    13    45    10    17    28    14    42    27    34    49    19     0    26    25    29    38     6
   19    22    21    30    10    26    23     2     1    20    24    37    15    29    35     3     7    32    36    48
    6    44    21    18     8    36    30    32    28    41     7     4    14    20    35    12    38    19    34    39
    5    31    39    44     2    18    43    46     4     9    35    16    48    19    45    49     1     7    21    15
    1    31    26    48    24    10    42    14    47     5     3     7    34    30     0    11    12    28    13    39
   21    44     5    15    26    27    25     8    45     7    12     9    35     1    18    33     6    42    41    47
   23    45     9    32     7    27    26    47    29    40    19    41    49    37    36    38    24    46    42    11
   15    13    41    44    29    26     1     2    39    45     0    31    30     5     7    48    17    27    23    42
   24    38    30     8    46    34    15    23    36    37    47    29     3     0    13    41     9    11    32    25
   42    26    13    35    32    30    47     5     2    18     6    44    31    46    40    28    45     1    16     9
    5    17    12     9    39    25     1    36     7    22    21    32     4    34    48    24    28    13    14     0
   28    14    15    43    37    23    44     5    24    49    13    47     3    38    18    36    31    39    45    10
   38    46    37    36    33    31     7     5    27     4    34    15     8    41    11    13    28    20     2    39
   24    19    28    38    49    13    37     1    29     7    45    41     0    34     2    25    21    47     6    17
   11    22    40     7     5    32     9    14    47     8    39    17    44    45    21    31    36     0    35    23
    7     4    15    24    43    21    47    35    46    42    44    13     9     1    33    20    31    22    28    18
   49     5    28     6    29     7    13    24    32     2    41     9     1     4    14    45    16    12    44    25
    1    16     9    36    26    20    42     7    35    44    10    12    23    18     3    27    43    14     4     5
   27    33    47    10     4     6    15    45     3    36    41    32    31     8    13    22     9    46    18    29
   14    26     3    29    23    49    12    39     4    21    45    44     6    36    11    38     9    31    13     0
    7    43    10    23    36    40    47    18     0    45     5    28    34     9    35    31    41    17    22    16
   15    19     6    13    29    38    35     4     0    10    28    33    46    42    49     1    26    12    40     8
   49    27     1    26     0    25    24    29    13    11     3    34    40    28    22    16    37     9    21    30
   24    30    21    11    18    13    22     4     0    26     6    33    47    40    16     8    15    34     5    38
   48    14    45    16    47     0    40    19    17    10     3    26     9    33     1    39     5    11    46    32
   34    37    44     7     5    36    48    10    49    46    43    38     1    13    15    18    45    27    16    41
   30    14     6     8    12    21    43    10    35    28    33    44    29    15    11    40     3    23     5    22
   28     7    20    33    23    10    11    19    41    14    37    46     9     1    13    34    27    26    47    24
   10     1    18    46     4    15    17    25    23    31    29    43    37     8    28    34    27    36    40    30
   33    43    19    32    40    14    46    13    17     6    20    10    11    45    37     8     7    42    29    24
   32     2    20    25    40     4    23    45    28    37    19    46    13    42    43    16    10    24     0    18
   34     0    18    12     4    33    40    13    10    46    25     1    37    16    17    43    24    47     6    38
   16     7    36    30    49    35     3     4    15    44     6    43    37     5    19     1    45    47    32    21
    0    46    41    30    16    35    22     7    31    24    28    37    21    32    45     9     5    10    48    12
   37     8    33    23    25    48    45    49    18    21    43     4     6    35    47     1    44     5    17    28
   37    48    39    21    38    32    40    26    13    12    41     7    10    30    45    25    35    49    44    23
   37    12    30    43    18     5     7    28     3    11    48    17    33    40    15    35     1     4     2    36
   34     0    28    26    18    48    47    30    24    16    43    10    22    15    49    20    11     2    21    19
   17     2    34    41    14    32    48     5    24    25    10    36     8    42     3    15     4    35    26    29
   21    49    17    14    41    28    11    24    39    19     9     2    20    44    23     0    48     3    35    13
    8    11    39     7    17    20     0     5    28    40    35    45    44    31     4    18    10    33    42    46
   38    18    40     0    34    12     6    46    42     1    28    43     4    15    31    44    26     2    39    30
   29    21    25    36    34     4     9    27    15    14    42    33    16    40    13    10    35    28     5     8
   40    17    36     3    29    25    35    23    20     5    42    10    38     0     6    34    30    46    41     7
    1    26     8     9    27    14    15    10    46    41    40     6    35    29    36    47    28    18    37    22
    6    31    25    21     9    49    41    22    14     1    12    46    45    24    20    34    47    33     2     4
    7    31    37    47    28     9    48    11    33    10    44     8    24    39    34    45    12    23     4     3
   26    30    27    39    48    31    23    29    11    15    32    19     6    25    18     9     7    20    41    42
   29    17    30     3    36    31    19    12     2    28     9    40    22     8    14    45    16    43    21     7
    8    38    31    21    37    22    43     0     4    10    48    27    29    45     5    25    49    44     2    33
    9     4     3    35    47    17    24    38     0     7     2    11    21    20    23    25    31    34    28     8
   10    13    27     9    33    12    24    48    21    14    32    29    44    35    23    34    30    31    20    17
   23    38    37    27    35    24     2     9    18     3    33     6    34    21    42    28    45    48    29    36
   46    21     0    35    16    10    38    43    41    18    22    48    29    33    26     1     6     7    36    24
   23    29    43    12     4    31     6    36    18    42    46    24    38    19    13     2    10    39    45    22
   28     7    20    41    34    21    45     8     5    24    43    26    25    49    35    40    31    30    12     9
   22    29    27    30    36    35    23    45    16     7    25    21    28     6    47    34    49    12    10    43
   29    31    47    12    45    22    26    19    38    46     2    42    49     1    35    33    37    11    30    43
   14    23    31    26     6     5    45    48    44    49    30    15    18    25    38    39     8    11    20     3
   39    45    48    25    18    41    31    15    26    35    44    32    10    29    11    27    17     3    38    13
    3    49    24    16    26    39    45    44     4    21    31    11    42    19    15     6    48     1     7    18
   35     5    20    37    12     6    24    44     3    49    40    17    47    22    34    27     2    10    14    30
   20    21    38    28    47    18    26    25     4    35    31    33    10     3    23    32    44     9    29    17
   12     0    35    16    30    10     4    28    29    17    18    13    19    37     3     7    43     1    15    45
   21    15    42    44    18    46    24    25    11    47     7    22    49     3    36    16    17     9     1    19
    6    17     9    28    38    21     3     1    18    45    33    25    27     4    10    36    11     5     0    31
   17    37     3     2    32     6    48    38    19    14    12    40    46    27     8    41    31    28    44    23
   43     2    44     6    47    19    42    32     5    36     8    25    15    17    33     0    49    37    12    34
   30     3    32    24    13     5    45    21    11    19     4    40     8    48    31    29     9    26    27    37
   12    19    37    25    41    44    28     4    46    27    17    21     2     5    10    40     6    42    23    38
   41    15    21    30    31    13    12    47    44     4    23    43    28    46    26    38    35    24     0    49
   36     2    38    23    22    13     8    34     9    42    30    26    27    28    33    14    15    45    32     5
   17    12    42    20    33    39     6    27    35    38     1    22    37    32     8    43    15    40    49    11
    1    45    26     4    20    36    43    30    22    32    41    25     2    12    33    13     7    37    40    39
   15    35    39    31     2    28    30    25    33    12    34    44    40    19    47     8    38    13    36    16
   28    39    26    27    13     6    34    44    11    14    48    37    49    40    10    33    46    23    12    45
   14    19     0    39    17     9    13    38     4    35    26    37     5    27    49    12     6    18    41     8
    4    38    23    44    24    48    19    18    27    17    25    16    47    34    36    21    33    41    42    39
    4    11     6    49    35    40    44    33    20    21    46    48    36    13    29    32    26     9     2    30
   32    29    25    23    48     6     8     0    38     7    44    26    12    46    39    16    35    36    42     1
   22     5    48     9    44    38    47    16    24     3     0    42    40     7    45    21    13    46     2    12
   48    11     1    34    20    16    40    47    24    15    18     9    41     7     3    22     6    28    35    19
   19    29    15     6    32    48     9    47    10     4    42    21    28    24    44     1    35    37    27    13
   46    14     0    16    13    17    23     5    44    29    11    25    26    33    24     9    30    43    20    34
   34     7    21    20    43     8    38    18     3    12    44    26     0    41    36    17    30     1    39    27
    4    25    12    28    40    31    36    49    41     7    43    27    33     2    19     0    18    17    32    47
   31    26    39    43     6    16    28    34    32    47    13    25    18     1    17    19    35    49    30     4
   45    28    41     9     8     1     5    47    25     7     0     3    17    18    49    33    42    40    24    37
   48    11    24    26    19    44    20    33    21    42     1    31    38    47    25    15    39    29    41    17
    6    22    25    34    27    14    36     7    38    48    19    12    49    37    28    21     2     1     3    18
   12    34    30    46    49    19    14     1    37     3     0    26    45    33     4    35    41     2    32    31
   23    12    37    19    24    14    10    42    40     3    35    11    46    38    18     1    17    44    48    39
   39     1    20    11    22    46     5     2    49     8    23    10    27    25     7    12     6    36    16    35
   38    37    29    18    16     4    45    19    39    48    24    46    26    28     3    35    43     9     0    41
   47     0    35    40    31    10    19    44     2    33    21    14     4    11    25    26     6    32     1     5
   17    43    14    31    15     3     7    35    23     5    24    36    41    20     2    11    39    30    47    19
   44    28    33    15    30    10     1    48    37    26    43    31     8    36    18     5    39    22    38    12
   32     1     0    18    33    44    49    16    29    28    35     5    30    11    25    31    34    26    20     6
    4     5    18    15    30    32    31    49     1    26    38    16    40    37    47    46    23    44    10    34
    8    43    34    42    13    35    44    28     1    23    49    33     6    37    41    10    24     3    39    26
   38    43    29    45    35     3    28    49    41    31     0    37     4     9    14    48     6    12    40    44
   18     9    22    21     4    44    37    32    15    29    26     2    30    19    14    25    39     5    24    10
   32    40     7    31     5     0    21    46    23    14    25    42    48    10    30    34    13    27    15    36
   14    11     5    16    26    13    12     6     9    44    37     2    30    49    35    22    23    21    19    39
   18    26    23    45    31    40    22     1    32    17    36    29    42    47    49    10    28    35    15     5
   43    15    27    42    44     0    31    40    25     5    10    13    34    47     4    46    33    37    22    23
   18     5     3    25    42    38    35    37    41    43    36    26    19     2    39    46    31    30     4    27
   34    40    44    21    35    24     2    46    39    47    29     9    41     5    37    33    28    38    42     3
   44    12    41    49    46     0    21    31    47    14     7     4     2    16     8    18    20     9    39    11
    9    34    43    28    18    21    40    23    29    13    24    38    47    39    27    41    10     4    11    36
   20    39     5    10     9    36    32    35     0    27    33    26    15    22    31    44     7    14    47    37
   34    29    44    12    13    23    17    31    25    30    35    26     1     2     3     5    46     8    48    33
    9    26    13    32    37    27     6    47    31    30    17    28    39    35    24     8    45    43     2    12
   26    13    38    36    14    11    28    39     1     4    20    15    10    33    44    22     5     3    41    27
    5    26    11    27    19    46    13    29    36    47    45    48     4     8    32     9    22    21    49    41
   16     0     1    49    30    37    18    47    22    26    41    45    23    11     7    12    43     3    17     9
   35    49    17    40    32     0    46    25    18     2    33    38     4    37    24    44    41    42     6    14
    2     3    11    20    40    36     7    14    12     8     1    23    19    27    26    31    17    48    25    10
   39     6     9     7    33     1    14    45    32    37    19    12    20    41    26     2    29    30     0    48
   35     4    27    16    18     6    45    25     5    47    20    32     9    39    26     1    36    21    14    46
    0    37     9     6     4    14     1    48    27    18    21    39    44    41    22    20    49    43    26    46
   14    12     7    38    44     0     4    48    16    13    35     2    10    11    25    19    41    27    31     6
    2    41     3    32    22    28    31    26    49    21    47    46     0    19    36     5    39    11    25    29
   36    33    35    23    28    30    29    26    25    49    47    45    18    43     9     0     1    40    14     8
   30    14    22    25    48    33    44    20    17    28     9     7    26     3    10     5    36    31     4     1
    7     5    39     0     1    28    32     8    29    36    20    19    37    40    44    12    27    34    14    45
   19    22    13    31    18     3    46    38    29     2    43    12    36     9    39    16     8    25    20    26
    1     4    13     9    35    40    41    11     5    25    14     0    44    15    45    38    19    10    22    12
   48    16    22     0     7    39    45    14    20    30     8     6    44    49    34    36    23    18    46     5
   30    12    42    11    16    15     9    34    27    19    46    10    28    23    24     6     2    13    35     3
   22     2    45    37    21    12    34    18    19    10    48    33    35     7    30    28    23    24    13    44
   28    39    24    41     8    42    32     9    15    26    38    19    43    44    18     1    22    16    29    35
   24    20    21    43     2    14    18    30     5     3    10    44     8    46    48    35    13    49    17    33
   34    46    32    29    10    22    38     9     5    17    16    24    30     0    44    45    41    25    40    28
   41    23     6    19    11    28    16     5    29     7    14     4    25    32    45    42    20    26     3    40
    4     6     8    44     0    45    16    40    10    29    46    41    13    20    15     2     5    26    19    42
    1    42    22    12    33    35    44    29     6    41    28     8    26    37    46    31    39     4     9    43
   39    17     2    34    44    32     8     3    24    19    41    48    25     4    26    20    40    10    12     9
   26    15     7    18    32    22    12    21    41     0    14    34    47    17    31    43     6    19     1    33
   10    18    28    33     8    37     6     7    48     1    45    13    22    43    46     4    36    24    21     2
   10    13     0    40    26    29    15     3     9    19     5    14    48    33    32    30     8     1    23    21
   17    29    41     8     6    26    23    46    37    21    25     9    36    27     1    45    31    43    11    24
    2    27    38     3    21    33     6    43     4    30    32    28    37    15    10     0    31    44     8     9
   26    49    32    47    28     0    29    31    16    21    36     7    33    25    13     8     9    17    20    22
   27     8    40     5    13     2     4    20    45    32    49    41    24    44    30     7     9    38    25    31
   16    20    19     4    12    22     0    49    30    38     8    25    35     1    21    28    39    47    10    43
   12    29    16     0     5    45    25    22    26    13    18    48    10    37    28    23    15    43    21    33
   41    43    14     4    26    30     6     1    22    20    37    42    24     7    28    47     3    38    35    45
   36     4    37    40    49    23     8     6    35    43    11    15    29    16    47     9    13     5    14    25
    5    24    14    18    45    29    13    11    12    19    28    38    46     8    36    15    37    49    35    47
    4    32    13     6    25    28    42    19    29     3     1    18     2    26    46    39     7     0     9    37
   41     4    46    48    47    15    43    19    39    16    29    10    11     5    40    25     2     6    20    31
   27    17    18    24    33    39    28    19    31    49    30     0    16    13    32    11     6     2    23    36
    4    33    26    38    21    28    18    22    42    10    34    15     2     1    27    41     5    20    24    12
    6    24    35    45    42    37    48    13     9    41     2    44    36    23    16     3     4    33    12     0
   28    38    17    33    16    24    48    20    13    44    32    40    15     4    45    34    12    22    41     6
   43     8    12    42    30    14    46    25     4    36    29    22    49    32    33    45    26    48    31     1
   44    28     4    46     6    30     5    13    17    24    47     2    38    39    36    19    33    35    18    45
   25    28     0    34    41    49    10    43    32    27    29    13    18    46    35    36    37    11    15    48
    3    22    13    14    26    25    40    33     1    34    18     9     4    35    45    39    16     6    36    49
   48    47    31    21    28    42    43    36     0     6     8    15    41    46    14    20    10    35     7     2
   41    10    31    12    30    23    17    21    44    49     0    28    38    42    11    45    32    48    20     2
   36    45     7     8     1    24    35    19    38    31    34    23    41    43    14    28    17    25    48    47
   43     3    31     6    23     8    24     2    35    13    46    25    11    17    30    20    12    19    44    26
    0    29     7    31    18    32    17    39    23    36    28    43    34    16    25    48     5    13    26    21
   22    31    20    27    16    43     6    28    42    47    19    49    45    13    33    35     8    46    12    36
   33     5    38    16    45    32     9    40    27     0    15    39    46    19    24    36    30     3    42    25
    6    46    38    11     2     3    13    12    48    35    27    49     9    28    36    39    24     0    16    40
   19     9    12    36    48    13    46    20     8    10    35    22    21     4    24    40     0    18     6    28
   31     2    26    11    16    41     8    10    27    25    22     1    28    49    43    29    47    38    39    15
   20    46    28    12     9    22    10     1    31    29    33     7    49    38    30    15    41    47    14    27
    9     4    33     2     7    45    25    37    29    40    28    26    46     0    23    27    34    30    39    32
   10    42    36    37    14    35    45    24    31    23     8    49    44     4     1    40    18    47    43     2
   40    14     9    26    30    27     6    34    45     3     5    47    29    24    10    48     2    25     7    23
   18    21    33    29     5    15    22    17    23    46     6    12    20    31    41     8    37     3    48    28
   27    16     1    45     3    44    35    13    21     2     0    20    12    48    38    24    33    29    36     7
   17    16    49    26     0    41    47    39    21    13    20    22    29    14    45    46     5     8    44    35
   38     5     6    17    25    21     4    24    44    34    15    28     3    47     9    16     7    10    48    36
   29    49    24     2    18    46    43    33    14    12    22    21    41    45     7    13     4    40    27    17
   14    38    35    31     4    40    21    17    45     7    18    37     3    43    25    39    47    28     5    26
    4    29    40    32    35    36    28    45     8    47    20    22     7    34    48    14    16    25    37    21
   34    21    13    22    35     5    26    47     8    38    20    15    27    46    12    32     0     7    23    25
   32    34     6    35    37     3    42    44    40    18    33    20     5     7    23    31    12    22     4    24
   21    47    16    49    20     7    27    34     6    25    43     8    13     2    14    30     5    26    38    10
   45     9    28    12     8     6    18    35    29    11    19    41    24    14     5    15     3    16    32    31
   42    36    40    22    25    31    15    46    16    32    21     9    27    13     0    37    29    39     4    34
   20    16    46    41    47    14    49    42    18    28    29    36    35     7    48     4    25    15    24    27
   19    47     2    18    28    46    17     0    26    48     3    22    40    45    15    25     8    27    14    38
   33    35    49    47    13    37    15    43    27    40     9    17    19     2    48    14     8    20    32    36
   11     1    43    49    47    21    27    41    38    10    40    22    25    13    28    46     7    23     9     6
    2    32    34    21    10    36    27    30    33    43    35    49    47    25    11    15    16    42    44     9
   34    32    44    30     2    42     0     4    14    12    15    18    27     9    49    29    48    46     1    23
    0    41     4    39     8    18    35    49     9    40    32    42    13     1     3     7    20    37    46    24
    7    17    44    15    12    46    38    36    24    26    23    35    13    37    32    48    28     2    45    33
   29    47    19    10    34    30     9    49    27    16    23     1    14    40    26    13    48    44     0    33
   33    19    41    44    27    49    23    42    39    30    46    40     5    11    32    18    35    34    13     0
   11    23    39    38    44    48    15    25    37    45    30    42    36    34    40     0    22    14    21    35
   37    19    48    34    43    13    16    30    17    36    26    21    22    25    40     4    29     2    49    20
   10     5    14    16    42    18    39    25    37    34    11    40    43    20     1     8    15    38    47    21
   37     7    19    10    31    18    46    20    40    26    32    34     0    49    12    24    25    44    23    39
    2    37    41    19    44    35    39    36    48    34    10    21     3    46    20    13    33    14     8    43
    7    18    34     5    21    38    11     0    14    41    45    20    43    35    17    15    49    24    37     9
   31    41     5     6    23    46    15    35    11    47    36    21    26     9    32    19    37     2    27    38
   25    48    47     6    17    12     3     1    23    33    34    46    11     7    38     4     2    39    20    16
   20    19    44     0     5     4    14     6    28    22    17    42    43    30    12    32    11    33    23     9
   44     8    24    16     2    34    47    43    19    22    42    28    29    25    18    11     4    35    32    48
    2    35    48     3    10    26    28    14    32    31    43     5    27     7    34    17    44    16    15    13
   16    22     5    30    41    43     4    19     1     7    49    39     2    10     0    38    44    20     8    45
   18    45    22    31    25    34    27     4    14     8    26    44    17    48    37    11    43     0    13     3
   16    21    49    39    19    40    25     0    26    22    34    27     1    32    11    42    37    41    38    23
   31    26    29    25    23    33    14    15     0    13    12     3     7    42    45    10    19    49    24    20
   26    32    43    18    48     0    39    31     2    12     7    46    41    44    38    16    35    33    36    15
    6    49    44    25    18     4     2    36    15     3    26    30    40    22    24    46     9    16     0    28
   47    36    45    18    39    48     6    41    14     8     4     3    35    15     1    16     9    28    42    33
   48    20    43     9    33    41    34     8     3     1    30    22    19    15    13    36    27    17    28    26
   33     6     2    22    45    49    46    16    12    42    10    24     9    25    30    14     4    38    21    17
    2    16    24    14    41    31    17    36    15    47    46     6    45    10     9    32    27    19     4    18
   39    17    10    14     2    35    29    33     0     7    40    43    28    11    48    26    45    37    15    31
   41    21    35    13    38    22     0    23     7    34    36     6    19     1    39    46    32    11    37    15
   39     5    22    14    32    17    31    33     9    26    11    12    16    21    19    24     6    38    13     4
   11    13    30    14    15    41    36     8    46    44    49    22    48     4    24    38    27    33    31     0
   25    10    33    15    19     2     6    11    22    36    47    42    14    12    46    32    17    49    21     5
   23    33     5    28    29    40    44    13    12    26    16     3    48    14    24     6    39    49    38    25
   41     3    11    28     7    37    12    34    46    21    22    32    15     5    49    16     0    23     6    26
   31    25    12    36    48    35    43    45    11    16    39    38    24    21    22    46    14    26     3    30
   45    15     5     7     1    16    39     2    26    28    23    13    48    27    38    41    49    19     6    35
   20    36    25    31     0     2    42    17    16    24    30    34    19    44    12     1    33    48     6     7
   49    17    43    13    24    36     3     2    23    20    32    22    21    31    28    41    47     8     1    39
   42     6    24    25    23    11     8    22    47    33    12    36    13    41     1    44    15     7    17    21
   13    27     4     5    17    10    36    20     0    43     8    24    44    46     1    15    29    14    28    25
   44    47    27    13    43    28     2    38    35    36    11    39     6    48    22    18    32    19     5    31
   21    39    27     0    25    45     9    33     3    18    22    44    31    17     1    40    41     5     6    42
   33    47     4     6    41     3     1     7    32    48    49    35    31     8    23     0     9    42    44    24
   39    42    33    28    31    49    32    41     0    47    10    13     1    25    11     6     8     4    20    44
   49    43    31    36    41    26    44    33    13    48     6    38    14     0    17    42    37    15    47    23
   48    31     7    46    27    20    40    34    19     5    47    32     0    44    13    38    42    22    35     4
    0    43    16     9    22    14    40    30    20    12     5    24    23    34    44    27    29     2    48     4
    2    26    42    43    13     8    33    15    23     7    39    27    32    49     1    34     9    24    16    11
   40    15    45     5    33    14    18    26    29    20     1    41    38    16     8    21     2    13    32    28
   38    17    39    48     3    47     9    20     7    13    14    26    49    33     8    32    40    15    35    46
   45    30    29    28    18     6    21    48     7    49    26    25    39    42    37     2    16    32     3    46
    5    47    25     8    29    31    39    46     9     4    48    26    18     3     1    16    20    15    21    49
   23    21    49    16     1    31    38    44    47    33    11    41    34     0    48     7     5     2    46    40
   44    45    39    30    22    24    41    18    36    34    13    35    42    37     6    20    21    32    47     3
   41    37    16    19    12    28    22    34    40    17    33    32    26    39    13     8    48    38    47    46
   39    31    11    15    48     4    12    13    34    49    21    30    20    23    25    32    24    19    17     1
   39     1     2     0    22    19    34    20    17    41    45    33    18     3    44    29    46    43    14    10
   24    31     3    25    22    21    34    32    15    20     5     4    33    36    37     7     0     8     2    30
    1    27    44    17    35    19    31    18     8     7    29    21    42    25    13    47    36    48    20    39
    3    14    31    25     4    29     9    41    44     5    11    23     1    30    27    43    28    37    33    47
   34     6    33    14     0    46    18    26    16    20    39    24    36     4    19    37     2     1    12    43
   35    24     8    26    36    19    41     2    42    13    30    21    33     9    14    31    40    11     7    29
   26    16     3    24    25    49    15    21     8    35    41    48    27    47    33    30    17    44    28    14
    4     9     3    33    28    38    34    31    46    16     7    49    13    12    19    20    37    21     0    30
   10    29    31    35     5    13    39    18    16    49     8    12    23    19     9    32    38    47     4     1
   29    16    38    43     8    42    17    22    32    21    39    14    46     0    18     3    26    37     1    15
   28     5    14    17    33    11    49    29    15    27     7     1    25    18    13     2    26    19    22    35
    6    46    13     8    17    47    42    38    18    48    26    49     2    45     1    44    33     5    24    40
   25     2    44     7     5    18    22    49    45    16    39    21    35    11    28    48    47    33    10    32
   33    43     4    24     3    19    32    16    47    11    38    12    23    34     6    36    49    41     0    37
    0    44     8    23    46    11     2    45    13    43    16     9    12    48    41    22    40    10    14    25
    8    40    39    10    15    46    35    37    12    18    36    38    22    42     1     4    16     9    17    30
   30    10    36    33    31     0     8    18    49    21     1    27    16    29    23    38    40    15     2    37
    5    31    22    18    36    49     4     9    29     2     6    24     1    44    32    27    42    17    23     7
   37     9    44    11    40    36     1    31     2    42    28    20     3    41    33    21    13     8    35    47
   21    25     5    13    33    48    26     3    37    30    32     9    27    29    38     0    17    19     6    24
   10    41    30    38    23    44    24    47    39    20    19    22     7    11    21     9    28    26    17    13
    5    44     6    22    35    18    32    15    30    47    14    48     8    46    13    11    16    39    20     9
   35    15    25     4    16     6     8     9    49    32    31    11    22    42    12    26    23    38    36    41
    4    37    43     2     6     0    33    42    23    27    25    38    16    10    11    47    18    20    44     5
   37    23    41    19    45    34     7    26     6     5    27    32     4    16     2     0    49    18    25    48
   20    41    35    23    28    16    30    26    18    32    29    14     3    17    31    43    49    34    33    22
   42    30    20    11    17    26    49    14    18     0     2    27    34     9    32    39    24    31    44     1
    6    43     3    23    13    36    41    33    44    34    12    35    18     9    49     4    11     1    17    42
   36    32    20    48     7    23    44    18    33    11    22    41    19    47    17     5     3    16    46     2
    3    14    24    38    21    32    39     7    18     1     5    29    23     4    46    13    34    41    43    27
    6    41     0    44    20     3     4    10     8    35    26    11     7     5    38    23    46    18    47    49
   47    29    23     1    46    10    31    18    44    19    34    25     7     6    17     8    45    32    36    20
   25    33     7    12     6    20     1     2    26    17    41    16    43    22    27    21     0    42    48    10
   15    24     9    34     8    39    31    42    18    44    14    30    22    40    37    28    45    43    32    29
   45     0    17    19    26    20    16    36    27    37    48    21    30     6    15    46    40     1    12    13
   43    30    19    34    16    45     3    39    10    47    13    49    21    29    38     0    27    35    22    15
   20    16    13    18    30    19     2    44    47    29    46    28    15    12    17    49    21    23    24    31
    8    34    10    41     6    39    36    14    30    21     7    42    31     4     5    46    28    45    12     0
   47    15    30    31    34    48    19     9    40    37    29    16     5    17    36     1    45    11    39     6
   37    25    13    17    29    47    43    38    12    19    30    49     6    35     1     0    28     8    18    40
    1     2    48    38    32    16    37    22     0    40    20    19    41    18     8    24    15    33    14    23
   35    18    41     0    29    47    36    19    34    49    21     4     5    33    25     7    44    39    24    23
    6    34    48     1    40    17     4    49    11    12    13    19    22    16    23     9    47    20    33    24
   15    14     5     8     6    32    47     3    23     1    22     2    11    38     0    17    43    18    16    39
   36    15    21    41    11     6    20    35    39    27     4     0    43    13    10    40    34    23    30    46
   47    30     0    23    26     3     7    37    15     4    32    33    35    31    43     9     2    28    34     5
   43    18     1    46    26    45     0    25    41    19    28    21     9    34    24     4    35     7    48    38
   10    37    25    13     3    39    36    41    30     0    24    40    16    32    48    47    38    23     4     7
    0    17    29    45    19    24    38    16    21    11    30     7    49    32    39     2    42    34    27    15
   47    46    25     4    20    44    34    11    19    13    33    42     0     3    31    43     5    23    15    40
   19    16    27    13    11    28     7    47    36     0    29    32    41     3     1    12     6    10     8    21
   41     7     1    27    22    17    29    37    15    25     4    12    16     9    19    40     0    47    49     5
    9    44    16    20     8    45    23    46     5    34     6    17    14    40     1    38    27    33    28    18
    9    35     0    10    13    42    18    22    45     6    24    12    15     2    32    34    46    29    43    44
   19    49    14    29    33    13     4    18    38    28    35     6    43    25     8     9    15     0    31    23
   27    28    18    42    11    21    44    10     7    46    14    48    39    47    34    45     3    49    31    26
    0    49    26    31    37    24     6    13     4     3    35    22    15    47    11    27    46     2    32    19
    7    32    40     2    33    26     5    22     4    17    20     9    48    45    11    30    44    31    39    49
    3    31    29    49    36    23    13    38    42     2    25    11     7    22     4     5    12    27    10    34
   25    15    11    43    36    27    28    32    17     0     5    46     3     7    31    34    12    49     8    48
    3    26    21    28    48    27    14     0    32    45     9     6    39     5    10    20    47    35    33    29
   45    10    19    41     7    17    11    43     8    31    25    49    47    36    27    22    30    37    13    24
   15    49    47    33    35    26    18    32    22    12    40     5    45    43    41    46    29    42     7    25
   14    48    33    28    31    18    47    25    40    12    17    37     0    32     3    16    36    11    35    13
   42    21    18    23     6    30    38    44    36    47    48     4    14     0    26    20    27     2    25     5
   46     3    13     2    30    42     0    36    47     1    25    22     6    17    23     7     9    16    34     5
   29    49    24    37    42    45    43    39    32    30    12    19     5     0    34    16    33    15    18     9
   48     7    18    30    19    20    44    22    49    33    14    41    29    28    23     1    17    16    13    36
   23    44    15    40    49    32     3    27    24    45     2    33     0    18     6    35    10    12    25    29
   39    32    43    21    38    36    49    37    11    41    48     6     1    19    27    46    12    47    28    29
   10    38    17    39    43     8    40    21    35    49     2    46    47     4    25    41    26    14     1     5
    6    35    27    41    10    14    37    40    12    19    33     9    44    17     2    13    32     3    29    11
   40    20    49     2    35     0     5    28    36    33     7    43    44    21     9    45    12    11    34    23
   12    35    41     2    28     6    32    47    22    21    42    17     3     0    33    14    38     9    19    43
   11    30    48    22    23    37    28    13    29    25     0    47    45    21    42    18     4     7    20     1
    4    40     8    47    29    42    25    11    39    16    22     9    19    14     1    23    32    48    17    13
   33    21    20    41    35     1    28    24    29    49    30    26     3    14    23    15     2    17    42    47
   40     3    26     1    46    29    22    45    16    48    35     6    24    49     4    34    44    21     5     8
   43    44    36    11    25     3    34     6     0    31     8    28    46    30     4     1    17    48    35    42
   25    30    12    21     2    38     3    20    41     4    16    18    24    36    31    42     8    26    39     9
    3    25    24    33     0    37    11    14    43    26    12    40     4    10    46    27    16    28     9    44
   22    29     4    31    19    16     8    33    20     0    25    11     1    47    24    32    40    21    17    42
   19    11    44    35    43     0    16    39    21    23    40     8    46    37    12    14     4    17    32     6
   39    23    14     7    33    17    20    22    11    45    49     2    40     1    12    44     9    28    47    41
    1    43    46     8    45    22    18    37    24    28    32    31    49    44    15    19    25    36     0    48
   26    18    20    28     9    16    44    40    17    45    31    19     2    37    48    10    14    27    24    12
   19    26    11    27    12    13     4    49    37    14    43     9    15    16    29    17    45    38    42     3
   27    29    15    26    13    11    30    25    39    33    16    42    36    38    19    41     2    31    40     4
    0    46    39    33     9    37    34    22    40     5    27    16    38     3     4    35     1    47     8    24
   26    17     5    36    22     8    31    18    38    39     7    19    11    16    49    37    30    13    15    47
   17    41    13    19     3    25    26    24    46    35     8    31    23    15     5    45    22     9    39    47
   11    27    16    21    26    28    45     9    34     8    14    35    19    30     1    41    38     7    15    25
   24    18     7    16    39    37    10    38    42    17     4    32    13    31    19    25     8     9    34    27
   39    22    25     3    24    47    20    21    30     7    10    48    49    36    13    17     2    16    18     9
   47    11     9    21    22    46    30    17     0     1    39    34     6    25    36     3     4    18    38    35
   11    41    45    24    30     3    49     0    44    14     7     5    39     6    12    18     9    48    47     1
    7    13    11    41    23    18    43    21    49    29    10    26     3     4    14     6     8    16    17    20
    0    44    31     9    14    18    10    45    41    20    36    38     5    28    43    29    48     8    19    42
   46    37    22     5     8    10    13     1    12    45    44    42    35    16    27     4    48    40    32    20
   49     0    19     6    29    40    47     2    46     4     8    36    30    35    48    37     1     7    31    21
   15    32    38    23    45    41    18    27    16    24    20    19     2    11     3    12     9    33    44    31
   17    26    46     7    36     6    10    21     5    37    28    24    30    48    20    32    39     9    38     8
   35    17    14    29    16    34    31    18    46    48    39    25    38    21     6    12    24    32    20    15
   24    15    16    27    23     3    31     4    13    38    10    12    26    45     0    49     9    42    20    43
   20    24     8    36    32     7    21    11     2    35    10    44    13    38    34    37    33    41    25     0
   37     3    10    22    26    13     5    25    40     4    39    36    34    18    43    23    27    12     7    35
   46    42    23    47    19    44     3    29    24     0    43    14    20    28    39     2     5    21    45    22
   49    22    45    25     2    41    23     7    24    10    47    14    20    28    36    26    31     4    15    29
   30    26     3     6     5    47    16    31     8    21    44    35    43    36    12    24    49    45    23     1
   23    40    28    49     9    12     6    15    46    31     0     2    30    16    33    25     8    26    17    39
   47    45    36    32     8    12    17    28    25    19    31    24    33    16    14    30    41    20    21    26
   35     3    40    21    39     5     6    13    27     2    14    44    15    24    42     1    23    26    16    46
   46    20    42    39    18    48     5    19     6     4    14    11    34     8    16    45    15    27    13    38
   22    13    17    46    29     4    49    28     9    47    30    20    33     8    24    15    40     7    42    44
   19    28    22    25    40    11     8     5    37    15     2     3    29    10    30    43    24    21    17    45
   28    41    16    34     5    17    18     4    30     0    13     7    29    27    39    10    31    26    37    35
   28     7    48    15    10    44    49    40    13    26    16    20    45    32    24    31    27     1    21    39
    4    18     9    11    29    43    14    33    24    38     7     8     3     5     2    31    42    48    26    41
   38    29    42    23    34     4     3    32    46    27    37     0    40    33    31    45    17     7    35    19
   20    25    46     4     6    24    19     8     1    29     5    32    45    12    39    44    36     7    28    34
   22    17    33    16    49    23    26    47    11    39    36    46    42    40    20    27     3    45    35    31
   36    48    28    25    29    40    35    17     0    13     1    37    26    15     9    20     4    16    47    42
   12    39    43    29    42    27     1    19    18     3    20    30    25    47    13    14    49    40     6    36
   34    41    27    11    13    23     3    18    31    40    25    16    38    43    36    12    48    10    46    19
   17    25    12     5    18    40    33    48    45    10     8    20    30    19    22    44    46    27    26    39
   43    14     7    27    42     5    45    38     4     8    15    19    22    41    20    44    39    32    36    40
    1    21    20    36    23    19    12    32    13    44    49     9     3    48    37    25    29    30     4    45
   47    30    45    16    34    40    26    42     6    11    29    20    13    48     0    37    43    35    23    44
   23    45    27    39    41     7    22    24    44     0    32     8     4     6    31    15     2    43    49    40
   30    27    12     2    10     3    38    17    34    16    48    37    49    21    25    31    15    45     4    28
   16    36     6     2    42    19    45    12    26    17    27    13    40     5    41    39    43    30    31    10
   24    35    49    14    34    32     0    16    40    39    25    20    42    29     8    38     6    48    41    26
   36    38    23    24    19    45    10    46    33    28    14    18    12    39    20    43    37     5    42    26
   19    31    26    32    12    17    23    48     3    20    27    49    39    13    46    36    43     9    37    44
   49    41    42     9     1    45    13    20    46     4     2    40    47     8    11    36    25    17    34     7
   42    43    37     3     2    22    14     1    10     5    13    30    44    36     8    17    15     6    49    41
   41     3     8    17    23    13    15     4    33     0    44     1     5    12    19    29    49    47     6    32
   43    21    10     8    15    37    42    28    36    32     4    29     9    14    27    45     0    12    34     2
    0    31    38    14    42    10    35     8    28    25    44    18    40    17    11    24     4    33    27    45
   38    15    26    14    34     2    32    20    40    33    10    25     6    24     7    36    48    28    31    13
   41    13    26    22    30     2    49    12    46     3    42    31    24    16    47    25    34    40    48     9
   34    38    31    23    33     4    43    41    16    20     5    44    13    37     3     2    39     6    29    30
    1    34    40    37    17     5    42    47    11    26     6    14     2    25    43    45    48    28    13    20
   22    38     4    18    43    34     2    49     1    17    10    35    25    36    44     7     6     8    13    20
    9    33    47    42    41    18    20    17    45    46     4    36     2    27     8    15    19    26    13    24
   40    29     4    32    38    35    28    44    25    23     9     3    20    49    37    21    42     7    36     1
    6    33    45     7    46    38    36    42    40    10     5    41    39    34     2     9    28    35    22     4
   13    20     5    39    30    35    48    34    47     4    45     8    24    46     9    22    42    21    28    11
   32    36    23    21     8    46    41    13    24    10     3    47    37    45    29    35    17    31    40    39
   30    32    27    20    38    26     1     3    36    39    13    22     7    33    19    15    17    21    31     2
   41    23    27    31    44    22    18    32     4    20     6    29    25    36    26    47     8    33    10    12
   15    44    45    48     8     2    29    43    10    35    25    18    12    36     1    31     5    19     4    40
   31     8     3    45     6    12    14    16     7    36    43    30    13    15    47    27     1    42    40    39
    3    36    20     0    48    19     9    22    41    46    25    11     6     2    34    30    16    43    10    15
    0    33    23    42    46    20    21    12    31    47    39    15    34    25    41    16     3    28    36    40
    6    24    20    29    48     1    34    38    15    31    45    47    40    35    19    21    26    37    46     7
   44    36     3     2     1     9    49    19    24    38    47     6    11    18    46     5     8    14    35    15
   38    40    33     3    11     4    25    24    49    44    29     0     7    34    32    39    46     9     6    48
   16    24     9    44    22     0    42    18    32     4    37    49     8    29    19    48     6    23     7    41
   47    22     8     2    42    13    23    21    49     7     5    36    38    14    19    34     9    10    27    24
   48    16    23    33    19     6    22     7    44    30     1    18    31    42    41    27    35    14    29    20
   48    10    40    13    32    25    12     2    26     9    33    41    47    38    15     6    23    42    36    43
   24     9    46     1     2    31    25    12    18    40    45    21     8    16    32    41    30    10     5    35
   13    41    43     6    22    21    49    38    42    23    14    45    33    32    17    36     0    10    48     3
   45    34    18    11    33     3    49    43     0    30    13     2    19     1    12    40    39    41    15    23
   13    45    14    15    44    43    16    17    27    49    40    34    35    24     5    12    29    20    26    21
    7    34     3     1    43    20    14     8    35    18     2    24    48    37    26    32    16    47     4    44
   20    27    25    41    38    16    18    36    11    31     5    35    48    45    14    39    15    37    19     1
   34    16    24    38    40     3    35    44    15    19    25    33     1     0    45    28    43    47    37    49
   11     3    36    46    38    26    44    31    12     1     4    19    10    21    17     6    33    39    40    29
   43    45    49    17    42    18    12    48     7    14    25    40    10    11    31    27    47    35    34    36
    4    33    15    27    24     2    40    47    23    18    25    48    14     7    30    34    46    17    35    29
   34    36    22    14     2    11    18    40     5    13    25    33    26    39    48    30     8     3    27     9
   30    18    31    23    45    40     0    16     9    48     4     2     1    12    44    34    11    29    26    22
   46    25    36     4    29    10    23    31    45    38    26     5     2    16    18    30    17    13    21    32
   43    10    29    15     8    11    39    34    49    40    45     4     5    47     7    48    20    38    42    44
   13    12    25    28    21    36    33    42    40    20    35    23    43    27    31     5    30    44    41     2
   39     3    22     9    14    25    41    48    38    26    15    42    49    20    28     8    36    18    17    29
   19    46    11    13    41    45    47    25     8    27    10     6    35    49    31    29    34    28     3    39
   27    48    44     3     7    38    25    41     1     8    32    15     6    10    34     5    12    42    24    13
   35    14    18    46    43     0    36     2    39    32    13    12    47     3    10    21    44    42    25    26
   12    32    24    42     4    22    27    45    38    11    29    35     8     2    28    23    40     7    44    26
    7    12    14    17    37    33    26     0    10    18    29    24     4    47    39    43    38     8     3    42
    6    32    49     2    39    43    37    29    12    22    13    15    46     0    16    42    47     5    30    24
   14    39     4    10    27    22    20    40    33    15    28    25    42     7    18    48    24     6    19    12
   15    20    49     3    14    18    11    38     8     5    21     1    19     0     4    47    33    27    41     2
   41    17     9    46    12    39    44    22    23    30     4    36    15    21     6    35    48    31    28    43
   10    46    30    35    21    26    47    32     2    24    12    42    20    31    16     9    18    34    11     6
    5    49    40    17    46    13    15    32    36    20     4    19    18    44    30    33    31    37    10    43
    4    21    15    14    43     1    18     7     0    13    44     5    45    33    41    48    20    38    19     2
   48    39    36    37    18    10    12    29    32    27    16    14     2    20     4    22    21    46    17    41
   45    47    43    18    26    41     8    49     2    17     0    23    10    28    21    19     6    32    37    15
   25     5    14    27     7    23    30     1    22    40    43    36    39     0    24     2    10    28    12    29
    0    32    25     1    30    27    37    42    39    10    14     5    43    40     3    17    33    48    11    16
   23    10    16    14    43    34    15    36    45    26    21    32    46    19    35    29    30    18    17    11
   30    25    42    41    26    43    45    47    16    35    21    36    29     4    39     9     6    18    46    48
   39    17     0    16    38    11     6    47     7    41    28    12    46    45    37    22    30     1    35    36
   37     1    39    27     4    43    33    17    15     8    46    11    10    32    30    25    35     5     9    20
   16    15    47    32     7    26    30     4     1    23     2     5    42    43     8    49    46    17    25    27
   34    42    46    45    26    29    44    12    11    37    13    48    38    21    22     8    39     0     3    25
   13    29    30    26     4     5    33     8    46    47    21    28    11    45    39    42     0    19    32    24
    9    26     5    13    35    34    30    47     7    18    41     8    22    39    38    27    20    23    32     6
   41     5    46    23     8    20     9    43    16     0     7     3    48    33    36     1    44     4    31    47
   32    40    16    42    10    38     7    49     6    36    17    48     3    20     2    15     9    11    34     4
   36    10    46     6     7    37    18    26    39    47     2    28    33    27    48    24     0    34    12    32
   33    23    22     0    31    20     8    36    11    30    10    14    37     5    27    25    29    44    34    46
   27    30     0    32     6    42    49     3    22    17     8    47    48    14    20    13    24    34    23    35
    0     6    33    36    29    49    32    24     7    28    10    45    37    44    22    12    26     8     1    11
   39     6    40    16    18    48    36    41    28     3    38    45    12    30    23    32    22     5    20     0
   10    39    21    27    23     5    40    36    38     9    45    41    22    31    28    20     6    11     4     3
   39    37    40    31    25    36    29    22    12     7    11    41    43     2    18    47    30    48     3     6
   28    27    37    44    22    25    30    21    38    13    35    49     1    45    32     6    36    18     3    41
   32    47    44    14    13    31     5    42    38    46    43    17    36    12    34    39    49    18    22    25
   14    22    42     2     0    47    45     6    27    13    19    20    21    25     5     1    38    16    23    24
   14    29    44    11    35    21     2     9    40    30    10    27    28     1     6     7    23     5    19    12
   17    18    33    15    26    14    35     3     8     6    22    21    23    49    39    36     0    45     4     7
   26    48    44    40    19     7     2     5     1    21     3     8    46    23    33    11    13    17    32    34
   11     8     1    37     6    16    27    41    32     0    14    30    35    10    12     9     7    42    46    24
   25    12    10    45    37     8    33    36     0    16     7    48    41     5    20    38     3    29    21    15
   25    23    36    28    49    18    38     8    21     7     6    13     9    17    29    34    11    16    44     3
   36    13    25    22    33    17    21    46    39     6    19    34     8    32    35     2     9     0     7    29
    8    31    25     6    23    43    27     0    24    19    49     2    35    29    22     4    40    34    26    39
   26    27     1     9    13    37    40    16    19    43    29    34    32    31    41    11    47    21    38    15
   36    13    18    34    44     4    12    49    14    21    42    24     8    23     2    48    43    10    29    45
    4    40    12    45    43    44    34    42    21    46    19    29    16    28     0    18     7    38    41    17
   28    36    31    14    34    27    21    29    44    10    18    22     4    37    46     3    41    45    39    35
   46    19    23    12     4    38     7     6     5    18    14    33    48    43     1    39    42    13    25     3
    1     3    25    13    30     7    22     9    29    32    18    11    28    21    46     4    26    27    47    41
   26     3    34    48    43    17    19     4    35     5    15    14    25    44    28    39     6    10    45    33
   31    28    37    35    12    29    23     9     5    41    40    26    34    48     4    43    44     8    27    42
   45    35    15    26    18    22    11    46    21    29    39    43    48    42    32    13     2    10    34     1
   43     5     0    18    19    13    20    11    16    34    46    28     7    35    21    47    40    42    17    29
   31    34    29    36    20    28     5    40    47    45    49     4     7    38     0    26    43    12    23    22
   39    35    23     9    29    43    25    20    17    14    37     5    40    48    42    33    21     2    12    45
   29    37    31    10    36    23    39    22    41     8    20    19     9    26    49    18    38    21     7     2
   45     9    38    46     2    14    49     0    37    11    10    16    47    43    18     5    42    29    23    33
   42     4    34    16    49    44    40    39    45     8    20     6    30    19     2    32    43    35    14    17
   45    28    25     8    44     9    21    41    26     4    48     2    18    29     6    11    13    14    47     3
   22    48    35    28    32    38    19    15    24    20    29    31    39    45    40    43    37    12    44     2
   36    34     7    13    25    10    23     1     0    44    39    24    40    47    48     4    45    18    28    35
   17     2    20    33    37    34    42    24    26    39    40    36    38    18    44    49    21    22     0    14
    7    25    11    17     9    37     8    12     4    18    16     1    39    23    30    43    48    35    44    45
   23    29    37    31     1    13    35    15    14     9    27    18    30    12    25    22     3    46    43    36
    3    20     4    40    29     9    43    16    30    23    41    27    24    11    46    48    10    14    17    47
   25    21     7    27    35    34    48    17    28    47    44    32     1    15    37    16    31    23    11    46
